,Retardo,R_2_train_list,R_2_test_list
0,0,0.8177873359006856,0.8320644556217005
1,1,0.819888765282833,0.8356502946315431
2,2,0.8183655525581803,0.8367477309252316
3,3,0.8160462750622621,0.8296149615867201
4,4,0.8178624281935027,0.8264674674986594
5,5,0.8179874990332578,0.825230421865439
6,6,0.8150771407002052,0.8274330542090937
7,7,0.8131397786010217,0.8281820401498834
8,8,0.8130230160143047,0.8332293250177198
9,9,0.8154815573809282,0.8377806692692008
10,10,0.8142563064736553,0.8386425840019447
11,11,0.8126256448323491,0.8314033231465223
12,12,0.8102143985540062,0.8327553683159903
13,13,0.8135297819762757,0.8302888704019757
14,14,0.8148298105689173,0.8271275427227938
15,15,0.8144231165477428,0.8265015988082693
16,16,0.815177102461636,0.8255243080186553
17,17,0.8137705872298274,0.8288989665240022
18,18,0.8093083446541052,0.8254578773509617
19,19,0.8096263975509708,0.8277038752242318
20,20,0.8070528529218943,0.8272382774412351
21,21,0.804760707453256,0.8243587102817588
22,22,0.8047916936229935,0.826274123123577
23,23,0.8065018277465723,0.8259590430845409
24,24,0.8055908800632454,0.8216570083289483
25,25,0.8035438928882038,0.8209219738739639
26,26,0.7975697627653824,0.818414098308572
27,27,0.7960811735593237,0.8175760313277929
28,28,0.798077409704978,0.812085653070385
29,29,0.7915446475128785,0.8159585993875457
30,30,0.7888019903142458,0.8198970834606824
31,31,0.7896839588784988,0.8202592594882883
32,32,0.7887345505295165,0.820476845215212
33,33,0.7862736363518755,0.8132105140816152
34,34,0.7837056356165697,0.8124867586955427
35,35,0.7824807355627381,0.8142871037490729
36,36,0.7804676354821088,0.8112439112280357
37,37,0.7808048313377203,0.8120072084714587
38,38,0.7842030638485619,0.8149162414146858
39,39,0.7831860812209275,0.8140119358905851
40,40,0.7841711646642915,0.8182465727235453
41,41,0.7796106834667532,0.8135333172090964
42,42,0.7789068668298349,0.8115036471454544
43,43,0.778495892573752,0.8110979646445065
44,44,0.7782240625480192,0.8099882644486488
45,45,0.7788428502022783,0.8099025459109017
46,46,0.7793587734928741,0.8065613800446139
47,47,0.7788684751012371,0.8050492000548812
48,48,0.7763465477250444,0.806092873560224
49,49,0.774136211092848,0.8063380381078029
50,50,0.7748973499099795,0.8067105684779845
51,51,0.7743392879730606,0.805954944228991
52,52,0.7746362183983306,0.8061487650673307
53,53,0.775536246930997,0.8066355455842553
54,54,0.774798277563387,0.8071024796011964
55,55,0.7764373637851724,0.8073556582303825
56,56,0.7772629904949987,0.8078777349057968
57,57,0.7766647174964603,0.8076382175576003
58,58,0.776944720477145,0.8087889574106862
59,59,0.7790132628740463,0.809908705011471
60,60,0.7669135833198817,0.7952970095391636
61,61,0.7674624526004731,0.7959929443562482
62,62,0.7677041410635591,0.7952254224968468
63,63,0.7663398033050524,0.7939772573054799
64,64,0.7646481032157834,0.7944296190010222
65,65,0.7645295398739089,0.7941126400953621
66,66,0.7637432509471702,0.7932716390972883
67,67,0.7635506439231396,0.7937938428806163
68,68,0.7634986775154715,0.7916407614742158
69,69,0.763498273923058,0.7927055470221739
70,70,0.7637532534493126,0.7922351497447198
71,71,0.7638282147962487,0.79129271823688
72,72,0.7650776183924812,0.7949982875358939
73,73,0.7652825521744608,0.7940856488156238
74,74,0.7644176122204408,0.7942732750621857
75,75,0.7633501896918509,0.7944344351652378
76,76,0.762894272159969,0.7984388618402786
77,77,0.762239925276608,0.7982955769555021
78,78,0.7621886890942788,0.7981217066702975
79,79,0.7619798175657964,0.7988375364829482
80,80,0.7629176194703455,0.7989810693104352
81,81,0.7629424380582821,0.7991405028302854
82,82,0.7629274867785745,0.7986268264812033
83,83,0.7628332561722218,0.7959648167668799
84,84,0.7625656965719909,0.7971151346867286
85,85,0.7626709884082324,0.7951052020079994
86,86,0.7628940439727907,0.7956119424647481
87,87,0.7624374964490516,0.7955105569543448
88,88,0.7618625293758827,0.7953090786523518
89,89,0.7614545937373882,0.795583760902316
90,90,0.7592784749645093,0.7927147763570204
91,91,0.7600646305243881,0.7938243191956739
92,92,0.7594971859768035,0.7936698551245596
93,93,0.7593193265933433,0.7974457581387888
94,94,0.7596791936053893,0.7977855422026014
95,95,0.7604254035401028,0.7977146834210762
96,96,0.7592792611840906,0.7968102846266816
97,97,0.7593576112916177,0.7976317221132894
98,98,0.7598037666915456,0.7950076108575788
99,99,0.7602500325463477,0.7959733975051723
100,100,0.7612777817536889,0.7930046261925587
101,101,0.7608336192609225,0.7926097522023591
102,102,0.7606889321411696,0.7922952871559535
103,103,0.7602327418290489,0.7918042761695797
104,104,0.7600025196938953,0.7907432145436253
105,105,0.7595931639504458,0.7918972988743672
106,106,0.7591989252517011,0.7931359918137713
107,107,0.7600594237205128,0.7911450747396283
108,108,0.7603220518508422,0.7914532645101362
109,109,0.7607989661007659,0.7907301852698781
110,110,0.7617119831896897,0.7924330427495097
111,111,0.7624372573321493,0.7923339528211891
112,112,0.7620640238498989,0.7909359282135822
113,113,0.762437212701597,0.7917814708247328
114,114,0.7629660257370041,0.7931926766163125
115,115,0.7630163749357809,0.7949894449920278
116,116,0.7624471231330203,0.7944108055091801
117,117,0.762461394729841,0.7951073125333838
118,118,0.7617469926955582,0.7951939022077719
119,119,0.7622096652163728,0.7963732508177515
120,120,0.7461614692059911,0.7735367502410194
121,121,0.7447319559598251,0.7728536241422451
122,122,0.7445408285129242,0.7728573170702804
123,123,0.7445136952286469,0.7727514500886379
124,124,0.7453439583437155,0.7710639016612588
125,125,0.745916475120552,0.7722919991505826
126,126,0.7456367270728819,0.7729411036481189
127,127,0.746650740888918,0.7743341402333677
128,128,0.7467482432452404,0.7746181267843423
129,129,0.7466230666002033,0.775280333905559
130,130,0.7468847812470714,0.7741328103719446
131,131,0.7478971223179365,0.7732421338957335
132,132,0.7481583902095826,0.7746534700826442
133,133,0.7494024931387783,0.7758231549200515
134,134,0.7500084793588063,0.7763739710540554
135,135,0.75036470330432,0.7766329328061508
136,136,0.7514536409014126,0.7773467477905033
137,137,0.7516981346670454,0.7764337917398864
138,138,0.7515935440386977,0.7770669955687876
139,139,0.7518684271995202,0.7769921654800684
140,140,0.7522521441505756,0.7759362699568403
141,141,0.7521771459400286,0.7763141886775345
142,142,0.7524600192339067,0.7767395592098256
143,143,0.7515701660388334,0.7763210767754243
144,144,0.7509306178113255,0.7760576813604501
145,145,0.7503536566615887,0.7753762168032821
146,146,0.7497610527685259,0.7748053414589109
147,147,0.7502540446639006,0.7756042392216712
148,148,0.7501930848101216,0.7759850833943958
149,149,0.7502236191175504,0.7760216175501982
150,150,0.7322544315997064,0.754505902732195
151,151,0.7315365496458722,0.7544623797689926
152,152,0.7310323415385216,0.7541258529170662
153,153,0.7314153671152313,0.7531468934744484
154,154,0.7314581960831061,0.7531565785702725
155,155,0.731183662528917,0.7527550664415824
156,156,0.7309722609804327,0.7537707226795543
157,157,0.7304156337424041,0.7532375841790594
158,158,0.7306797948530553,0.7535245077935652
159,159,0.7306883409635736,0.7535644344357805
160,160,0.7305463791702411,0.7538537946885735
161,161,0.7303731502821533,0.7536053202355498
162,162,0.730783040359748,0.7542110917957904
163,163,0.7298985534367491,0.7542954471421632
164,164,0.7299802224432739,0.7532245095168288
165,165,0.729714562480253,0.7519380165283422
166,166,0.7289592095092026,0.7521219940977146
167,167,0.7286737056081432,0.7513503827071915
168,168,0.7287481644255547,0.7507102593743196
169,169,0.7281720546328061,0.7499989295829512
170,170,0.7281114410768017,0.7499414718898302
171,171,0.7283267875086549,0.7505269216538978
172,172,0.7285521021706642,0.7494456231242207
173,173,0.7288098728611646,0.7493074518940942
174,174,0.7291340928961163,0.7493315005469887
175,175,0.7294440700697653,0.7504634575943054
176,176,0.7296418756146723,0.7506590599745552
177,177,0.7302173286830298,0.7499367021054113
178,178,0.7303553244411576,0.749542731005929
179,179,0.7305080792097688,0.7495647866698739
180,180,0.7190276599803072,0.7355011400407194
181,181,0.718684085970164,0.7356468509041786
182,182,0.7189007852358483,0.7357846700849763
183,183,0.7186530231730353,0.7362016828487763
184,184,0.7190144102098109,0.7355981573633245
185,185,0.7180976886931799,0.7348311992926915
186,186,0.7184105567846256,0.7358101466639905
187,187,0.7182747983043074,0.7354106534337992
188,188,0.7177317605472784,0.7360628149162805
189,189,0.7172798051180309,0.735942901710748
190,190,0.7174557742977279,0.736204747879462
191,191,0.7176234589326054,0.7355296310712729
192,192,0.717503857657108,0.736160880031761
193,193,0.7183752697602335,0.7374279803129375
194,194,0.7179823269857533,0.7361267947315661
195,195,0.718034012416227,0.7364190677368225
196,196,0.7182490340362242,0.7362573570779147
197,197,0.7183979114690304,0.7362778679944019
198,198,0.7185705274067999,0.736547846153561
199,199,0.7180727171316426,0.7358415036570896
200,200,0.7176409065805809,0.7358247568046907
201,201,0.716862515090531,0.7361731341833081
202,202,0.7171648742233165,0.7375028895329415
203,203,0.7167905428555461,0.7368054551594925
204,204,0.7172402021810151,0.7373113315350619
205,205,0.7184911686590014,0.7381545351422631
206,206,0.7174525638742708,0.7364530865170764
207,207,0.7171532656211954,0.735639040237765
208,208,0.7173482844663157,0.7355384875877551
209,209,0.7169065658625311,0.7345507383218888
210,210,0.6981974233096411,0.7146212755206944
211,211,0.698210572534995,0.7138816930512968
212,212,0.6981633841359072,0.7152009055907848
213,213,0.6977502163703828,0.7146417694624108
214,214,0.6980501118322859,0.7121892720475859
215,215,0.6968818599481925,0.7090169154555968
216,216,0.6964271654115772,0.7113007822671202
217,217,0.6965763663915251,0.7114242012198291
218,218,0.6967207763090426,0.7109913579272598
219,219,0.6975457943094909,0.7125698175635682
220,220,0.6981517605060537,0.7124014075481273
221,221,0.6993783424993378,0.7136721249313056
222,222,0.6993637032213802,0.7138810676687146
223,223,0.6998803748186082,0.7130805642777561
224,224,0.7000421256041697,0.7129276954607362
225,225,0.6991575605337685,0.7108218119722945
226,226,0.6993769764246275,0.7104206758282154
227,227,0.699291070705053,0.7115022405235907
228,228,0.6992042983785389,0.7114744327450822
229,229,0.698988741882369,0.7113106948985495
230,230,0.6975774164024784,0.7104072917501183
231,231,0.6977020381921666,0.7101446938267235
232,232,0.6975976379635085,0.7111789585320432
233,233,0.6975474512869403,0.711013623395212
234,234,0.6969690594500793,0.7109476349394472
235,235,0.697298071079591,0.7107768041886988
236,236,0.6977934178521539,0.7104390070614259
237,237,0.6981151352672669,0.7099567837987466
238,238,0.6978042561630708,0.7098037773127606
239,239,0.6978048246111557,0.709758588439396
240,240,0.6797483010830556,0.6888004467213268
241,241,0.6791267754961932,0.689196523600879
242,242,0.6790232075127708,0.6894675712193218
243,243,0.6780469638279101,0.6876995414057896
244,244,0.6775692447379504,0.6873907416516285
245,245,0.6777487751780166,0.687299243011875
246,246,0.678393030395593,0.6883304909199124
247,247,0.6781977867338145,0.6879807964312248
248,248,0.6781834270056174,0.6891632455181659
249,249,0.6781192143328663,0.6895231903709695
250,250,0.678364120756783,0.6899926842618054
251,251,0.6784145141965054,0.6892510482131404
252,252,0.6783707209963108,0.6890041451752948
253,253,0.6776281078859585,0.6893026800897595
254,254,0.6779915611651142,0.6892313012884185
255,255,0.6777571457580979,0.6897383158250898
256,256,0.6778441399058999,0.6898274729022387
257,257,0.6777098228692057,0.6910866393088728
258,258,0.6774404120154727,0.6915272124498011
259,259,0.6776348514147283,0.6914501423117615
260,260,0.6771098337537274,0.6921412699121139
261,261,0.6776790829438772,0.6926517728623609
262,262,0.6780013949237381,0.6931064647203263
263,263,0.6778142682241078,0.6927627562039664
264,264,0.6777755421779721,0.6925698610923099
265,265,0.6769964089792853,0.6920454535203285
266,266,0.6769347232100369,0.6910927519404033
267,267,0.6768863026514483,0.6914412552461601
268,268,0.6770747079387777,0.6916168958087369
269,269,0.6772649736886049,0.6924138899965865
270,270,0.6684323577672877,0.6780746931363448
271,271,0.6687795035009809,0.6785685710698741
272,272,0.6690759140002271,0.6785451384849308
273,273,0.6685777402407045,0.6777577173762482
274,274,0.6683962613421208,0.6782143186452094
275,275,0.668528490285793,0.6781659896771443
276,276,0.6684826796794423,0.6786008308084406
277,277,0.6686257400984952,0.6785373505410841
278,278,0.6679710904760363,0.6792956751725703
279,279,0.6676531563672679,0.6794630054640323
280,280,0.667712813747075,0.6797807714429599
281,281,0.6681575389019344,0.6804481047246762
282,282,0.6683546708981591,0.6807604995671119
283,283,0.6683306240684537,0.6812135654282006
284,284,0.6682721943292307,0.6807929212917037
285,285,0.6679631298939005,0.6803427254201572
286,286,0.6676116512718834,0.6799928938842729
287,287,0.6678076999246512,0.6797775743984312
288,288,0.6678457021135364,0.6797154731102371
289,289,0.6677312960878821,0.6796755431960637
290,290,0.6676119222358459,0.6793407049755791
291,291,0.6676072404845953,0.6789386848374619
292,292,0.6676533836111783,0.6786555065554343
293,293,0.6672913274407823,0.6783109623029768
294,294,0.6665853955570651,0.6774236286167605
295,295,0.6660462231094966,0.6772041883850634
296,296,0.6659275558432758,0.6774474029625734
297,297,0.6657940504610751,0.6763538795852594
298,298,0.6656569776825717,0.6762919986512834
299,299,0.6653487532482738,0.6754280754393809
300,300,0.6631926878487037,0.6695231624670075
301,301,0.6632404704438091,0.6693120500196164
302,302,0.6632873920657028,0.6692243631720092
303,303,0.6630306970169156,0.6693653088738964
304,304,0.6630035114726351,0.6694781987516929
305,305,0.6630453467249122,0.6695982572314515
306,306,0.6625646908915912,0.669411050441417
307,307,0.6630025892539448,0.6700113292699379
308,308,0.6634721529433606,0.6698893238555608
309,309,0.6636151803783148,0.6696545915865466
310,310,0.6635711873919339,0.6694252531611862
311,311,0.6633270281867083,0.6700978375536545
312,312,0.6634558401104769,0.6704719341716049
313,313,0.6636546428315555,0.6703378361370484
314,314,0.6632914566709349,0.6696156263774498
315,315,0.6634058552367796,0.6697950588471688
316,316,0.6631978853721087,0.6690698205045135
317,317,0.6632155965950729,0.66906101775729
318,318,0.6633252979427142,0.6692491856556047
319,319,0.6632822798637076,0.6689695675680578
320,320,0.6636563318563278,0.669473413215833
321,321,0.6639775286633696,0.6699662742866473
322,322,0.6640199152845622,0.6699416586580142
323,323,0.6636397391381095,0.6692809461015388
324,324,0.6638848629729881,0.668639863264618
325,325,0.6639148761192559,0.6676715526316174
326,326,0.6634404414592984,0.6670971517828143
327,327,0.6629181487751985,0.6676311817448648
328,328,0.6624699174805077,0.6679362071984055
329,329,0.6623538794746209,0.6671481682460628
330,330,0.6619905410711853,0.6671954815865824
331,331,0.6617282380183331,0.6665951901550184
332,332,0.661721932077132,0.6664298496354246
333,333,0.6613091041002988,0.6660780961111828
334,334,0.6617359415594475,0.6675129243434441
335,335,0.6623051208972219,0.6673645196750522
336,336,0.6619515461813384,0.6671181623818884
337,337,0.6618264281376289,0.6672542527017828
338,338,0.6621222350311957,0.6669173068717602
339,339,0.6625422459586603,0.6676087231430863
340,340,0.662325455418139,0.666950765482551
341,341,0.6630473288583869,0.6679969684253996
342,342,0.6628464335696844,0.668553454663992
343,343,0.6642962743674301,0.6701031954414038
344,344,0.6649437627128878,0.669795972949262
345,345,0.6649862489381176,0.6700720145333071
346,346,0.6647125463161262,0.6697171567957567
347,347,0.6648160126164527,0.6694557742615886
348,348,0.6636543093501828,0.6688219481632409
349,349,0.6641624615914965,0.6689125542338237
350,350,0.6642162034553696,0.6670031578872511
351,351,0.6644052379501664,0.6647820641328781
352,352,0.6657675652756411,0.6666294066276974
353,353,0.6653342223496659,0.6692157076067085
354,354,0.6656329274330348,0.6704751803076002
355,355,0.6648744862907647,0.6706924101883216
356,356,0.6636375028158343,0.6678399011277263
357,357,0.663770112357272,0.6699619672679608
358,358,0.6635009161234391,0.669266194831902
359,359,0.6636610303710573,0.6681635961565584
360,360,0.6637392470187465,0.6688241751276586
361,361,0.6630122215624747,0.6658961185255685
362,362,0.6638504772355661,0.6685817133396732
363,363,0.6644037790232882,0.668475053584435
364,364,0.6641138928233181,0.668290488708378
365,365,0.6673453229448145,0.6766382792758933
366,366,0.6664429550132338,0.6759940931754903
367,367,0.6664312068722545,0.6754211285135981
368,368,0.6659950416646564,0.6745465702953091
369,369,0.6659702617493493,0.6734723205383408
370,370,0.6665584381963717,0.6715683489604224
371,371,0.6667604769648097,0.6717139708096991
372,372,0.6671022526318782,0.6761106638651113
373,373,0.6672144618007774,0.6773758356374447
374,374,0.667039972808315,0.677174042096486
375,375,0.6674201924295358,0.6775287165367387
376,376,0.6666259929015188,0.675776676114525
377,377,0.6660823062462858,0.6752814190729003
378,378,0.6656331103877022,0.6755135365020282
379,379,0.6650992156084705,0.6749023799010381
380,380,0.6654011115956934,0.6733336299601121
381,381,0.6657601768019572,0.672724841194835
382,382,0.6654520298493385,0.6730505536414256
383,383,0.6646945815715577,0.6728354853865033
384,384,0.665022040840886,0.6731151880044799
385,385,0.6657662558516764,0.674261381756204
386,386,0.6656148163453764,0.6740137123325884
387,387,0.6659697882937259,0.6743110319184993
388,388,0.6658858410085023,0.6749811056954573
389,389,0.666322060963418,0.6748862085715457
390,390,0.6657592774548688,0.6744014657066215
391,391,0.6661220047262487,0.6758637036067116
392,392,0.6660819299696208,0.6756476621971865
393,393,0.6662844112867559,0.6763467060261426
394,394,0.6663437583115288,0.6767942964474344
395,395,0.6661395920002844,0.6764956935568557
396,396,0.6662656618636164,0.6773665140446958
397,397,0.6657382300689011,0.6773484649575321
398,398,0.6658773241372865,0.6768042665881684
399,399,0.6654597790093653,0.6764629581210931
400,400,0.6653415562086402,0.675911407313636
401,401,0.6653610577733239,0.6758522364706974
402,402,0.6655588939923207,0.6758082045593219
403,403,0.6658352548441253,0.6761982448717827
404,404,0.6659477919080272,0.6765690623709919
405,405,0.6656813720811472,0.675937421656425
406,406,0.6659319411489908,0.6762761500815584
407,407,0.6655237986275817,0.6747944550508117
408,408,0.665878215897246,0.6740005957318981
409,409,0.6654089732470156,0.6731014479926076
410,410,0.6647606204384309,0.6703291095282596
411,411,0.6649093798290979,0.6707699834685126
412,412,0.6646622680670906,0.6717999931196343
413,413,0.6647297930647034,0.6716717032532139
414,414,0.6655229563692258,0.6712812483948041
415,415,0.6647792325052351,0.6705592502359699
416,416,0.6649038171930308,0.6710140253475587
417,417,0.6651451221558136,0.6699607552674134
418,418,0.6653663782350594,0.6693005035238366
419,419,0.6649616136242713,0.6695535700080699
420,420,0.6655899190093733,0.6693021983709144
421,421,0.6658309164547715,0.669619234245018
422,422,0.6663941997394602,0.6718459426735242
423,423,0.6670014780865534,0.6714587866510495
424,424,0.6672535789534704,0.6717392357092213
425,425,0.6663956336422725,0.6712189144796978
426,426,0.66575251501987,0.6724988055794744
427,427,0.6662431997644278,0.6720487565724582
428,428,0.6660018139835998,0.6731936832673238
429,429,0.6654138746962441,0.6716762816046428
430,430,0.6653107162077294,0.6728363504916415
431,431,0.6653205622255235,0.6714423772177402
432,432,0.6650150813902262,0.669637790849506
433,433,0.6646171366716294,0.6697184685517524
434,434,0.6648544579731814,0.6700973289940552
435,435,0.6653782611978796,0.6702328944065303
436,436,0.6648630091709539,0.6710180792777672
437,437,0.6653578682511321,0.6718230736333526
438,438,0.6663015358258884,0.673825032734402
439,439,0.666128017758238,0.6737044147432758
440,440,0.6664031949936384,0.6730231874998
441,441,0.666224765732775,0.6742697925067545
442,442,0.6664254212949681,0.6751914012269423
443,443,0.6666901618917191,0.6756257220443019
444,444,0.6662854729646301,0.675595822882429
445,445,0.665849450491737,0.6741520345467769
446,446,0.6661356520056585,0.673965448593546
447,447,0.6658977440382463,0.6735847967354993
448,448,0.6658437603650089,0.673110808345605
449,449,0.6655903026621294,0.6717438085052623
450,450,0.665741624443735,0.672865551661401
451,451,0.6653532080778535,0.6721450160297915
452,452,0.6649866904675593,0.6720864246242407
453,453,0.6644620598191594,0.6717671988066922
454,454,0.6653458854217325,0.6717968406354462
455,455,0.666992752915561,0.6690568226222432
456,456,0.6687356997663443,0.6651980831131987
457,457,0.668610393900422,0.6660336637423008
458,458,0.6687067675628816,0.6660915278481558
459,459,0.6681695672648378,0.6662143008138883
460,460,0.667839307660096,0.6686897905383331
461,461,0.6685952429992136,0.6690905824228293
462,462,0.6692040469649054,0.6708427571145996
463,463,0.6695119843486981,0.6705328420970982
464,464,0.6700307972059308,0.6716126577911707
465,465,0.6701529022886269,0.6719430154659135
466,466,0.6710860192545531,0.6732592574556718
467,467,0.6707387888239639,0.6729160219358217
468,468,0.6702181388708313,0.672557894463476
469,469,0.6697975249766389,0.6733817630852197
470,470,0.6692822959144398,0.6736360868656786
471,471,0.6689259443348995,0.6732741895374429
472,472,0.6685203623001091,0.6736851349922246
473,473,0.6688635951343105,0.6735413678801414
474,474,0.6690218814466579,0.6736650919055418
475,475,0.6690483854606093,0.6737197412656019
476,476,0.6693764100191022,0.6744532112193177
477,477,0.669908733031327,0.6754397789207685
478,478,0.6696965903396443,0.6749639785226648
479,479,0.6705517153592608,0.676366688561695
480,480,0.670802831363765,0.6763720974800764
481,481,0.6707341695034583,0.6766729166992166
482,482,0.6706898537527867,0.6769400039904615
483,483,0.670232806791948,0.6771236509212342
484,484,0.6702473472989949,0.6775281597454539
485,485,0.6702411484607377,0.6773281824889578
486,486,0.6700711048501566,0.6773211822754339
487,487,0.6699111610221248,0.6771989702909336
488,488,0.6700577127563525,0.6777443887895038
489,489,0.6700063003166722,0.676084010441345
490,490,0.6697369780432625,0.6754325123142769
491,491,0.6694605361662957,0.6746839816937931
492,492,0.6695974329934564,0.6749605637020832
493,493,0.6699760432034416,0.6751455155850664
494,494,0.6703042284746286,0.6767854510395157
495,495,0.670877678584956,0.6752582880216476
496,496,0.6712422397763336,0.6764293751510695
497,497,0.6709677530906442,0.676407919570535
498,498,0.6713603903464258,0.6769707270798597
499,499,0.6715430591570972,0.6776336003536004
500,500,0.6708206270655994,0.6776850694800098
501,501,0.6707502339147713,0.6780291653846306
502,502,0.6705443566909209,0.6776625877860752
503,503,0.6697820080957941,0.6773013602013265
504,504,0.6700595851389441,0.6781849800989268
505,505,0.6702674198352779,0.6769129846895294
506,506,0.670880446327268,0.6773042724043193
507,507,0.6710229778194325,0.6776675856687093
508,508,0.6712527354217022,0.6768698508242195
509,509,0.671548864277245,0.6776615285488508
510,510,0.6714635811835385,0.6772744380721727
511,511,0.6718068855850692,0.6778254404356974
512,512,0.6725082976810297,0.6785652864324709
513,513,0.672830034264303,0.6796605820116951
514,514,0.6722333498256045,0.6786017171750182
515,515,0.6721846188453862,0.6800300218510824
516,516,0.6720359270814478,0.6803334719081984
517,517,0.6724904953147453,0.6801928210920265
518,518,0.6717765523965633,0.6797209890933091
519,519,0.6718730569884814,0.6798649368578042
520,520,0.6719528318075696,0.6791428505348505
521,521,0.6723564964866535,0.6789895682043048
522,522,0.6722471219966111,0.6773399853536911
523,523,0.672091264095974,0.6754787744786364
524,524,0.6715072562768165,0.6761172384174712
525,525,0.6718606944855757,0.6765758390894903
526,526,0.6719276660080375,0.6771866710874379
527,527,0.6710462686525515,0.6767369133868095
528,528,0.6705378556248198,0.676913284773206
529,529,0.6702645939135379,0.6775090404956543
530,530,0.6703985071724625,0.6787164131585959
531,531,0.6706452110161538,0.6787437298148413
532,532,0.6713131058757913,0.6792579041190328
533,533,0.6715352869416746,0.6790074642407515
534,534,0.6714970650046006,0.6803876834685205
535,535,0.6722478785763777,0.6820510484990288
536,536,0.6727514358030143,0.6831788351165482
537,537,0.6725593338193006,0.6837777289990916
538,538,0.6724080725076897,0.6826742801833964
539,539,0.6722225368690646,0.6825121640924692
540,540,0.6717090586440089,0.680758874945931
541,541,0.6711747376915245,0.6795382527172924
542,542,0.6712057930495957,0.6796855510891956
543,543,0.6708088211513856,0.6798862977011811
544,544,0.670452502140012,0.6793774211561708
545,545,0.6703007238570912,0.6798617172274051
546,546,0.6697815810211156,0.6802645309093548
547,547,0.6698249330410361,0.6797174044617558
548,548,0.6709458804365427,0.6802140416046821
549,549,0.6705471389632993,0.6798759961453495
550,550,0.6700789948924463,0.6788667842370399
551,551,0.6689576419171444,0.6772037117642618
552,552,0.6689118446576101,0.677332738204292
553,553,0.6688277652541867,0.6771544653344674
554,554,0.6686255340084754,0.6764611799163953
555,555,0.6681175839462662,0.6762904907522924
556,556,0.6676258170435785,0.6757652410131161
557,557,0.6675246441923839,0.6758088358982286
558,558,0.6677258021595767,0.6771857172268475
559,559,0.6678102601710567,0.676919011965083
560,560,0.6681557264266462,0.6761620472109802
561,561,0.6685400432747257,0.6755157533664771
562,562,0.6688369805412238,0.6768827258206207
563,563,0.6672949128418064,0.6756728940362493
564,564,0.6675013224080202,0.6753289138756993
565,565,0.6674920070385775,0.6748139528694213
566,566,0.6672881271430559,0.6732265813353295
567,567,0.6671785075841554,0.6735319167866354
568,568,0.6666886908315733,0.6729002887926963
569,569,0.6663361718857181,0.6721583262117654
570,570,0.6666006630823686,0.6726342283246562
571,571,0.6668630436291353,0.6745750850778983
572,572,0.6674372509093592,0.6762550951123754
573,573,0.6675408727451928,0.6763431195264169
574,574,0.6679856100340091,0.6776223205579484
575,575,0.6676956483465828,0.6776894120789051
576,576,0.6680886201772219,0.6774118653534955
577,577,0.6679719976310454,0.6773918252279312
578,578,0.669214752912072,0.6784665043186888
579,579,0.6692673141574402,0.6791171188302882
580,580,0.6691204236574907,0.6780915920518811
581,581,0.66919633697038,0.6768839614173945
582,582,0.669429875619535,0.6770021737392201
583,583,0.66906094918878,0.677243806649725
584,584,0.6689589357167454,0.6770152326806358
585,585,0.6686786718649097,0.6774124471871656
586,586,0.6687608879234087,0.6769934660237935
587,587,0.6677073924815456,0.6752390203370944
588,588,0.6672695415570907,0.6742733176494913
589,589,0.6657453620716716,0.673298547846819
590,590,0.6652344357727156,0.6728299360260709
591,591,0.6653406552622814,0.6731700581850047
592,592,0.6647649748326605,0.672435053684816
593,593,0.6638713400596047,0.6713751659118519
594,594,0.66405874387039,0.6712373533126321
595,595,0.6638542979648766,0.6715056264128428
596,596,0.6636030356629518,0.6707080658806736
597,597,0.6632982636940123,0.6700410828455294
598,598,0.6630772196547672,0.6699555991352004
599,599,0.6633019570740609,0.6700370549133197
600,600,0.66341578497861,0.6693476529138838
601,601,0.6636536971277811,0.669590573822787
602,602,0.6640079928794514,0.6697697620121693
603,603,0.6639493275755031,0.6705095057695845
604,604,0.6634925235181441,0.6699049797802197
605,605,0.6634731349856626,0.6701508773582243
606,606,0.6639923057250234,0.6707718079119259
607,607,0.6644713696371585,0.6722927099336085
608,608,0.6648091347025105,0.6731969910027773
609,609,0.6647284610301246,0.6732581022552818
610,610,0.6647286455542324,0.6729083396834962
611,611,0.6647578018063834,0.6730283342604306
612,612,0.6648606994524529,0.6730996481354632
613,613,0.6648984381585412,0.6728965595128995
614,614,0.6650722928169654,0.672783387230645
615,615,0.6651889202795656,0.6731896656082383
616,616,0.6654828539029001,0.6736872189367085
617,617,0.6654853609235405,0.6740191542063146
618,618,0.6651649717741205,0.6744172256808642
619,619,0.6645324051864284,0.6729349423301698
620,620,0.6645529126993994,0.6726522822044854
621,621,0.6644233621852684,0.6726669661709481
622,622,0.6643765978145152,0.6721887240313218
623,623,0.6640337012560041,0.6718415676745203
624,624,0.6639992524565195,0.6713116586211967
625,625,0.6641234189811123,0.6718857128613409
626,626,0.6636792158933633,0.6713088966246354
627,627,0.6634526939852099,0.6706125825974725
628,628,0.6635202529019646,0.670377330979393
629,629,0.6634081366988711,0.6697995042902642
630,630,0.6629863060823025,0.6700933277019958
631,631,0.6627296981770759,0.6688145944462378
632,632,0.6633703750404258,0.6698400862492555
633,633,0.6631765726513243,0.6691884944675012
634,634,0.6630999933341921,0.669445984195157
635,635,0.6636125064923368,0.6699850201130826
636,636,0.6635329901049976,0.6698724544910786
637,637,0.663686272167092,0.6704902257254916
638,638,0.6633908667572346,0.6700535543438015
639,639,0.663532954756415,0.6696906600578341
640,640,0.6637066902803916,0.6699566002899279
641,641,0.66428559361437,0.6717148543292668
642,642,0.6642877392258272,0.6721697998163729
643,643,0.6644463880672378,0.6725547061938266
644,644,0.6648492715675033,0.6740566053963979
645,645,0.6648138332991523,0.6748628477715157
646,646,0.6647143940545657,0.6748482759719214
647,647,0.6649286632630707,0.6755598617548761
648,648,0.665542373001594,0.6759396034443896
649,649,0.6657259305416974,0.6764483700146037
650,650,0.6654719719040498,0.6764750176201716
651,651,0.6653316341452734,0.6757451541734032
652,652,0.6652559152657123,0.6757843492107807
653,653,0.6655777642438911,0.6759606184726655
654,654,0.665446357121066,0.6753643249910739
655,655,0.6655429207552139,0.6755819815118829
656,656,0.6657112725012021,0.6758410124034029
657,657,0.6659172339652453,0.6759164855298054
658,658,0.6657521789079004,0.6762171001535768
659,659,0.6661655011229266,0.676594546057921
660,660,0.6665080355374043,0.6767027860929165
661,661,0.6663340744305022,0.676687365960169
662,662,0.6663796140068617,0.6767560973425937
663,663,0.6666096409668305,0.6763826221817553
664,664,0.6665714037553341,0.676634802834199
665,665,0.6667813579322157,0.6775332224775038
666,666,0.6669943588211837,0.6780196425078102
667,667,0.6664291529840944,0.6773205475463859
668,668,0.6664051309797892,0.6762435804784309
669,669,0.6658784487537117,0.6754308527686517
670,670,0.6655104116447834,0.6754253424631846
671,671,0.6659456069726282,0.6756807638051753
672,672,0.6651622564059054,0.6749077897032276
673,673,0.6639789216910437,0.6731453655785943
674,674,0.6637798214592671,0.6718647454235449
675,675,0.6636827170390691,0.6729787119963353
676,676,0.6639265500768372,0.6725588709159979
677,677,0.6636820234229942,0.6719179039895267
678,678,0.6633044988767955,0.6692457271172617
679,679,0.6631541020764651,0.6695923610013663
680,680,0.6633690289100416,0.6712397904877168
681,681,0.6637001228069918,0.6718921158705142
682,682,0.6630736975660259,0.6717465924735669
683,683,0.6636165939227787,0.6713621583468251
684,684,0.6636935721859787,0.671246883269035
685,685,0.6640402536454366,0.6706304672299305
686,686,0.6637173575821305,0.670277150055048
687,687,0.6630084284918929,0.6692637441807898
688,688,0.6628371878552966,0.6692575075375973
689,689,0.663183781747811,0.6687385507384451
690,690,0.6637712264736262,0.6702757684427593
691,691,0.6645900165766814,0.6719767827863758
692,692,0.664418592518089,0.6717747797537017
693,693,0.6649118322806559,0.6725371886548492
694,694,0.664850043543955,0.6731366697790787
695,695,0.6647231365046341,0.6738457846740898
696,696,0.6642274525536289,0.6734683410633444
697,697,0.6639800482705269,0.6725065213198722
698,698,0.6643261722907975,0.6723127459689457
699,699,0.6637792962482048,0.6725872174637626
700,700,0.663688654656627,0.6727555634028164
701,701,0.6637096066438728,0.672574427385148
702,702,0.6634620726204066,0.6726175290620242
703,703,0.6638746715708326,0.6723731154418922
704,704,0.6639093119914969,0.6733955406170136
705,705,0.6636356951825672,0.6738118566705167
706,706,0.6641701942442744,0.674035949878178
707,707,0.6646742644592695,0.6751125435626546
708,708,0.6648463794114966,0.6744258438828046
709,709,0.6651668688789715,0.6734337749381311
710,710,0.6657910119327801,0.6752333496235436
711,711,0.6653072088957787,0.6739310313373932
712,712,0.6650974715982867,0.6734927707685474
713,713,0.6649329251215927,0.6727301063172929
714,714,0.6639775033423633,0.6712097506504738
715,715,0.663617611520589,0.6705989474859537
716,716,0.663611224373742,0.6711670269163488
717,717,0.6626137463741661,0.6715417057109361
718,718,0.6623862668139546,0.6708287586391133
719,719,0.6625508203325772,0.6714854397640626
720,720,0.6621836075281783,0.6715028833785408
721,721,0.6624407199210325,0.6715128039232141
722,722,0.661300701520093,0.670586837929531
723,723,0.6627185897677277,0.6711189243622158
724,724,0.6626932474432505,0.6706347430981563
725,725,0.6636987509705135,0.6712522851245919
726,726,0.6643925585483812,0.6730733885443834
727,727,0.6644168640225505,0.6734766182235901
728,728,0.6644323325540832,0.6728342044230138
729,729,0.6644307404803371,0.6723750713839327
730,730,0.6634026619850475,0.6696240105315623
731,731,0.6631850863916406,0.6690247422646006
732,732,0.6630825290200116,0.6693050967638262
733,733,0.6632227957534289,0.6698032577781002
734,734,0.6636330473338089,0.6698007936587154
735,735,0.6627502626225512,0.6692836112653839
736,736,0.6616244656553651,0.6688818251856499
737,737,0.6610151805403377,0.6677509488262228
738,738,0.6608856271223142,0.6680103741809151
739,739,0.6616790439066882,0.6688901579448328
740,740,0.661447448689146,0.6687442551498939
741,741,0.6614996305525698,0.6689720152298178
742,742,0.6616659179233386,0.6686192734394063
743,743,0.661564933626944,0.6684470524962751
744,744,0.6617847836848728,0.6690461365871425
745,745,0.6617487818678462,0.6692634070659517
746,746,0.6617497586290266,0.6695664261009153
747,747,0.6615688238531383,0.670145181539116
748,748,0.6616940865613865,0.6700680538247368
749,749,0.6626205324611312,0.6703506096073326
750,750,0.6622185679695075,0.669729314323076
751,751,0.6621940839337292,0.6705492638230954
752,752,0.6622031125923633,0.6701956710432302
753,753,0.6622553981026431,0.670262283851203
754,754,0.6618817618040289,0.6701626063906657
755,755,0.6617559036603693,0.6701415661975503
756,756,0.6613863531019124,0.668999196360708
757,757,0.6616078684316193,0.6678033911536205
758,758,0.6619732183025846,0.6677748543138151
759,759,0.6622114099798195,0.6685453973647131
760,760,0.6621953568118606,0.668196892917678
761,761,0.6620823459072241,0.6673622588059069
762,762,0.6614278610066571,0.6663199725086209
763,763,0.6608765632285886,0.6666792696760899
764,764,0.6601296521503524,0.6656042207815371
765,765,0.6599009050458957,0.6651008781661905
766,766,0.6596732764914084,0.6647210521781488
767,767,0.6598207242030828,0.663716496852339
768,768,0.6593565760512589,0.6632671449239995
769,769,0.6595856566783977,0.6643191565679438
770,770,0.6596803616389445,0.664575117662696
771,771,0.6601985803135234,0.665557612900593
772,772,0.6605998291925672,0.6655360246386326
773,773,0.660439671246907,0.6654383684524174
774,774,0.6606306349737632,0.6652977586224456
775,775,0.6605256893088303,0.6649422813831118
776,776,0.6602495831373454,0.6647451171024032
777,777,0.6598134704187817,0.6647292070830673
778,778,0.6599268947916703,0.6641947416351379
779,779,0.6598234049106217,0.6638987224711431
780,780,0.6599361244854383,0.6642581547757287
781,781,0.6597941223534394,0.6643478009551164
782,782,0.6600132603320403,0.6654052689856739
783,783,0.6597625526613353,0.6660585654443869
784,784,0.6598861635929836,0.6662527938966939
785,785,0.6597815956936518,0.6660377040377055
786,786,0.6600628889056909,0.6656046358861973
787,787,0.6603152056104072,0.6656545901481907
788,788,0.6603036660984722,0.6666653926842185
789,789,0.66067962552519,0.6669481459924247
790,790,0.660551471525018,0.6662320815947176
791,791,0.6608008672082692,0.6662034409643671
792,792,0.6611451783439057,0.6660608550131549
793,793,0.6612662485643337,0.665760429123565
794,794,0.6615347953372998,0.6665558265021239
795,795,0.661417543534119,0.6660703033346267
796,796,0.6618091801901131,0.665208677827136
797,797,0.6616443232721683,0.6652355774227106
798,798,0.6616636489666612,0.6650699846424748
799,799,0.6623012781119857,0.6658425893562931
800,800,0.6623525067992055,0.6660611506198483
801,801,0.6625107659673601,0.6650779544116603
802,802,0.6631368430819385,0.6663577433077646
803,803,0.6637564794957178,0.666613670370741
804,804,0.663614461551195,0.665911953179001
805,805,0.6638202591984668,0.6664263244201448
806,806,0.663836050019811,0.667109648061099
807,807,0.663891386931695,0.6678041003992045
808,808,0.6645841364702018,0.6683973799393745
809,809,0.6644360237135061,0.6687625084989052
810,810,0.6652377480005915,0.6695639805255953
811,811,0.6656980119634126,0.6701315267890834
812,812,0.6655772223551943,0.6695972271430358
813,813,0.6659304460388865,0.6690309183956564
814,814,0.6660743884048449,0.6698240695739499
815,815,0.6659490841273532,0.6699600779000046
816,816,0.6652847805894713,0.6687043392111525
817,817,0.664580451409738,0.6686930484201363
818,818,0.6643309962402177,0.6693438506781956
819,819,0.6640412847672627,0.6693769145876747
820,820,0.6635031800302718,0.6689033786517962
821,821,0.6636925214334627,0.670184382108608
822,822,0.6635801946608388,0.670404798174271
823,823,0.6636699226841634,0.6701603131064893
824,824,0.6636493981762362,0.6714421033612883
825,825,0.6633900943728326,0.6710992581631596
826,826,0.6634142060265392,0.6702175696377147
827,827,0.6637606033614802,0.670342186552807
828,828,0.6644086715579272,0.6707996177007014
829,829,0.6647470742140198,0.6709286827402008
830,830,0.6649636423272212,0.6709306506960053
831,831,0.6651552763646096,0.6716533496895276
832,832,0.6655487721360092,0.6716621634515747
833,833,0.6656043729408114,0.6713680130068961
834,834,0.6655269729734636,0.671552788451129
835,835,0.6659113871422486,0.6722423307539342
836,836,0.6659449208830543,0.6718924381621508
837,837,0.6659190715298602,0.671678145745871
838,838,0.6654147682197675,0.6718594867646536
839,839,0.6652944985925653,0.671435581986064
840,840,0.6654307117047689,0.6716870010180251
841,841,0.6649843608402413,0.6711642159465563
842,842,0.6645391279130237,0.6710953638847724
843,843,0.6645620544460815,0.6710325230847283
844,844,0.6647267679057836,0.6713897556240886
845,845,0.6645391929248989,0.6711778946815019
846,846,0.6644987410192438,0.6708955769791377
847,847,0.6649227674619365,0.6717626200978679
848,848,0.6646560831358501,0.6715384888012301
849,849,0.6642652469667425,0.670954330470817
850,850,0.6642319164623917,0.6711971995771598
851,851,0.663876854057365,0.6705012701195567
852,852,0.6639935425172226,0.66972484724329
853,853,0.6634551362796937,0.6684345474212533
854,854,0.663267506953449,0.6697153575791934
855,855,0.6633483284903102,0.6703212750454217
856,856,0.6635888186937184,0.6708993737489155
857,857,0.6637035035887292,0.671227615077135
858,858,0.6637079623599209,0.6702483862646675
859,859,0.6640258157272498,0.6703683878877943
860,860,0.6640524897128967,0.670276127582693
861,861,0.6640395356433328,0.6696192734523903
862,862,0.6642286795005409,0.6697976127233753
863,863,0.6639426197508098,0.6692250249071381
864,864,0.663864558249661,0.6685117000679064
865,865,0.6642157508391888,0.6689288153568524
866,866,0.6639018260487987,0.6678463665970654
867,867,0.6637695035626033,0.6681853030918028
868,868,0.6636766735006341,0.6683004620901322
869,869,0.6639846472214322,0.6694024774854774
870,870,0.6640827869803776,0.6694651787697103
871,871,0.6642908044028504,0.6706092925752053
872,872,0.6642156249565481,0.6709345128279869
873,873,0.6643044924122132,0.6711136060483708
874,874,0.6641058568572744,0.6703893928317741
875,875,0.6643261763549348,0.6708914589118619
876,876,0.6644772282779368,0.6712567625119812
877,877,0.6647117062362938,0.6708575359468462
878,878,0.6639139900651013,0.6717824499777132
879,879,0.6637076286849661,0.6712956850646798
880,880,0.6632038612184212,0.6699660795573593
881,881,0.663121794212492,0.66974095786531
882,882,0.6631880545564486,0.6694212172572899
883,883,0.6629832302227905,0.6692949861788287
884,884,0.6632444586171161,0.6695424279058465
885,885,0.6634817888083445,0.6699394386501158
886,886,0.6637746278776062,0.6705275051740609
887,887,0.6633683582063807,0.6702112554172113
888,888,0.6633582878330828,0.6706138879516409
889,889,0.6634227190925364,0.6704741952186066
890,890,0.6635526224322197,0.6703826428870618
891,891,0.6636603085412762,0.6710499672655779
892,892,0.6639800654429093,0.6713300158528257
893,893,0.6643904611164422,0.6706743111098521
894,894,0.6644967261803527,0.6713680048957192
895,895,0.6639929853886791,0.6700386982378892
896,896,0.6636673511927127,0.6707247141033837
897,897,0.6637453742690562,0.6707322022502131
898,898,0.6632925303935662,0.6710773432738086
899,899,0.6638707567642813,0.6718857517183192
900,900,0.6638632982667978,0.6716565895180275
901,901,0.6641959408340187,0.6720609455566617
902,902,0.6636390943944457,0.6713025497177487
903,903,0.6637690310412152,0.6714214606008108
904,904,0.6636526275004682,0.6718302244632932
905,905,0.6637089287578,0.6716959727694156
906,906,0.6637127320428526,0.6720597613890601
907,907,0.663448641207083,0.672437934489559
908,908,0.663480615568115,0.6726130003177657
909,909,0.6636352288137313,0.672619657408012
910,910,0.6637643016437904,0.6727204072936863
911,911,0.6635709581511959,0.672706874976106
912,912,0.663565737280241,0.6724027876010217
913,913,0.6638169719350246,0.6724751387529584
914,914,0.6635150735137636,0.6714150040153601
915,915,0.6637658774583981,0.67189887507199
916,916,0.6637760476413115,0.6718711006603644
917,917,0.6635810162585307,0.6711419745345917
918,918,0.6637051580653027,0.6708341266927874
919,919,0.6638544976769107,0.6715009510782552
920,920,0.663880793268459,0.6714721865269242
921,921,0.6638601849470438,0.6714842799959313
922,922,0.6637400149123225,0.671159296395881
923,923,0.6637659410042422,0.6709451264883871
924,924,0.6639080457444753,0.6706680614335326
925,925,0.6641099958298349,0.6706566090203534
926,926,0.6642278865369318,0.6710497263620833
927,927,0.6638691566139858,0.6705913925739614
928,928,0.6638878198110296,0.6710047668094477
929,929,0.6636252191250727,0.6706510974903801
930,930,0.6632147161575531,0.6703817794242957
931,931,0.6634252595558532,0.6702644868673522
932,932,0.6631051113958732,0.6701291464875376
933,933,0.6628250028368489,0.6699409177310423
934,934,0.6624256748558429,0.6694866935283639
935,935,0.66248725843598,0.6697253702815916
936,936,0.6622793845836862,0.6695798687585843
937,937,0.6622348700960928,0.6699467682586349
938,938,0.6623628908711796,0.6695844688375168
939,939,0.6623654853529424,0.668908170571288
940,940,0.662523994137469,0.6690123845979328
941,941,0.6629017555413601,0.6700200889491286
942,942,0.6629236271197764,0.670008021987923
943,943,0.6636203583521052,0.6698273110035287
944,944,0.6645372297794141,0.6701879029558909
945,945,0.6642682316126229,0.6707916770073313
946,946,0.6642744049520442,0.670065435519493
947,947,0.6646414670084303,0.6699772712735339
948,948,0.6636744768268183,0.6700583850276522
949,949,0.663606723880193,0.6701050061943694
950,950,0.6633020188375377,0.6701320519050136
951,951,0.663249436770036,0.6702282386988311
952,952,0.6629753726479091,0.6699327924890276
953,953,0.6625011659285226,0.6694811482724716
954,954,0.6626876280285392,0.6696086214748764
955,955,0.6625958271085834,0.6688821190795282
956,956,0.6622170427748404,0.6690168477604431
957,957,0.6624620992532382,0.6698524490341307
958,958,0.6625044709314942,0.6692575903119962
959,959,0.6621878038634421,0.669031081337321
960,960,0.6620162075997853,0.6689232606747572
961,961,0.6616053740251847,0.6695205217130251
962,962,0.662326980881855,0.6700059885354348
963,963,0.6622444258633531,0.670409458181576
964,964,0.6621847818224794,0.6703287217882355
965,965,0.6619315865185711,0.6700844305874031
966,966,0.6619544975157802,0.6700492228860305
967,967,0.6618731299661628,0.670688904679615
968,968,0.6621983424549902,0.6708094351311835
969,969,0.6622744799783742,0.6703122524681387
970,970,0.6623053667329347,0.6703805401573407
971,971,0.6624644925127445,0.6702153636057069
972,972,0.6622257012948919,0.6698766609702791
973,973,0.6624471084159501,0.6701501213874972
974,974,0.6621798698569952,0.6697368764954266
975,975,0.661950282082034,0.6695348842783602
976,976,0.6619072876726716,0.6694562253522376
977,977,0.6618429127679999,0.6694436904361935
978,978,0.6616049277485644,0.6691199547958071
979,979,0.6614816977183565,0.6691812957866474
980,980,0.6610810270729992,0.6692130675723673
981,981,0.6609682243078037,0.6691730547071988
982,982,0.661114968111979,0.6687874490265309
983,983,0.6611362805554473,0.6687775838650469
984,984,0.6610408685767,0.6690010788323512
985,985,0.6609764078238692,0.6690982191073872
986,986,0.6617719388725518,0.6696552585782185
987,987,0.6620383538260348,0.6699636489011793
988,988,0.6633532494036429,0.6705423055407442
989,989,0.6633630101872375,0.6709290506796065
990,990,0.6634282132505569,0.670908554067112
991,991,0.6632209946194036,0.6708860528343045
992,992,0.6632125714227012,0.670982872690439
993,993,0.6629236409585011,0.6716845319763995
994,994,0.6630143541471895,0.6722330094662949
995,995,0.6632024720946923,0.6726903666711125
996,996,0.6626778884499915,0.6717507397145767
997,997,0.6627075787322283,0.6720245862202492
998,998,0.6625642884525618,0.6718325675836339
999,999,0.6636836697867695,0.6733838064551518
1000,1000,0.6633241133090341,0.672502734629653
1001,1001,0.663543788990658,0.6728100423891348
1002,1002,0.6635999570650761,0.6728909811711091
1003,1003,0.663407054464109,0.6730608862640979
1004,1004,0.6635574204889576,0.6733977005399066
1005,1005,0.6639916339118619,0.6740186272811476
1006,1006,0.6638049803315604,0.6749890256705862
1007,1007,0.6637060917870518,0.67529786411009
1008,1008,0.6639741412442084,0.6750143305649541
1009,1009,0.6641220273568393,0.6755932448521421
1010,1010,0.6642304119586386,0.6760976686486939
1011,1011,0.6648430455622132,0.6762703283096789
1012,1012,0.6654203656763427,0.6766285854553168
1013,1013,0.6659116472272,0.6769041264025389
1014,1014,0.6655709048858224,0.6764635347428745
1015,1015,0.6656575003412544,0.6764499723093248
1016,1016,0.665836004743759,0.6766876873524521
1017,1017,0.6659266406966062,0.6772733242183061
1018,1018,0.6660283661857028,0.6769130711908851
1019,1019,0.6658092890513791,0.6761538162365355
1020,1020,0.6654534732885511,0.6759111842829157
1021,1021,0.665365486897145,0.6758632256951035
1022,1022,0.6651449209862685,0.6754784303137966
1023,1023,0.6651367643312107,0.6750351239898349
1024,1024,0.6643903438166854,0.674335616870637
1025,1025,0.6643981555056028,0.6745465561478271
1026,1026,0.6643899361234482,0.6733656703791462
1027,1027,0.6638205625937503,0.6714988006904291
1028,1028,0.6635064116349609,0.6715482320227716
1029,1029,0.6630122102665545,0.6710668682202466
1030,1030,0.6633810385235474,0.6719358688586503
1031,1031,0.6631525529706601,0.6707661356738323
1032,1032,0.6629508608777357,0.669611343587298
1033,1033,0.6626477672701548,0.6687297763775053
1034,1034,0.66283045568442,0.6692205338367798
1035,1035,0.6630999913079885,0.6692236775577235
1036,1036,0.6629677705036465,0.6687818559651171
1037,1037,0.6627412902434688,0.668646495046889
1038,1038,0.6625072352749459,0.6689621915006629
1039,1039,0.6626596066813683,0.6699878686600087
1040,1040,0.6626477628239436,0.6710942736941072
1041,1041,0.6632586219479634,0.6731972526577851
1042,1042,0.6631166908491593,0.6736976037650195
1043,1043,0.6636896375540631,0.6737413149010193
1044,1044,0.6639066444979271,0.6735825772404997
1045,1045,0.6642782904180248,0.6739193018057397
1046,1046,0.6644032284597277,0.6754744194719164
1047,1047,0.6646582522852813,0.6745649720913782
1048,1048,0.6640614452011637,0.674163927808929
1049,1049,0.6646247268370272,0.6746374124742764
1050,1050,0.6656876245770103,0.6754026971200547
1051,1051,0.6662107874139376,0.6758310271372086
1052,1052,0.6664431884135584,0.675626609962054
1053,1053,0.6673690473271202,0.6763259335101635
1054,1054,0.6665862280036667,0.6758966904405598
1055,1055,0.6658126931655144,0.6747225144527913
1056,1056,0.6659204675636599,0.6727668796905281
1057,1057,0.6662113596994157,0.6732648680800295
1058,1058,0.666462456393404,0.6734635140994547
1059,1059,0.6663359658092085,0.6746086572979653
1060,1060,0.6665377116780996,0.6754309196860061
1061,1061,0.6667786477336692,0.6766838668022392
1062,1062,0.6660252041572183,0.6759369394742138
1063,1063,0.6674745211092167,0.6775053952424777
1064,1064,0.6680043019754722,0.6778356690195082
1065,1065,0.6683453472481854,0.6794764079256896
1066,1066,0.6686496449312499,0.6788743163368292
1067,1067,0.668033304107615,0.6771630962148928
1068,1068,0.6670145536269508,0.676363676141285
1069,1069,0.6672437125908794,0.6765129840916791
1070,1070,0.6674698341002847,0.6756943170278347
1071,1071,0.6677856550472495,0.675965481795992
1072,1072,0.6673011979949911,0.6760546507749545
1073,1073,0.6676457485842726,0.6761481014504049
1074,1074,0.6672303617718807,0.6771791619353311
1075,1075,0.6655397490272519,0.6753326452491797
1076,1076,0.664384909252336,0.6744649775900202
1077,1077,0.6636363035616991,0.6735848593294731
1078,1078,0.663356257120683,0.6714891533061864
1079,1079,0.6633852835679035,0.6696933850190232
1080,1080,0.66277913253763,0.6704629162647795
1081,1081,0.6630935476459197,0.670543833938936
1082,1082,0.6625700814264346,0.670046130880569
1083,1083,0.6626395572533161,0.6706885483426499
1084,1084,0.6618469160637367,0.6693783578196978
1085,1085,0.6613537688093376,0.6696437016855772
1086,1086,0.6612260959810483,0.6699202887197397
1087,1087,0.6608625877890894,0.6706791748995892
1088,1088,0.660945666530901,0.6711126718150677
1089,1089,0.6615070761823405,0.6709706975940486
1090,1090,0.6620637957096782,0.6712352416970417
1091,1091,0.6626244161424448,0.6706109404818484
1092,1092,0.661811201705421,0.6706734927148054
1093,1093,0.6612398807216295,0.6706062293593975
1094,1094,0.6608586147530109,0.6711264486811742
1095,1095,0.6602921258019853,0.6701583682076098
1096,1096,0.6602531689444163,0.6693280455265701
1097,1097,0.6611720749602752,0.6701765477921174
1098,1098,0.6607651284039331,0.6694347333308384
1099,1099,0.6619855514608283,0.6691151758987616
1100,1100,0.6628110249848966,0.670349314612606
1101,1101,0.6633948809963202,0.6734122551166914
1102,1102,0.6644026321034877,0.6733685188872522
1103,1103,0.6641779142899151,0.6730267520507212
1104,1104,0.6641612553471898,0.6728149967385845
1105,1105,0.6646345784335488,0.6737189235851655
1106,1106,0.6646305548178253,0.6730692373160191
1107,1107,0.6642669237176266,0.6712898627244098
1108,1108,0.6650365402417373,0.6705934798899906
1109,1109,0.665489860398406,0.6704403734817472
1110,1110,0.6656121547807224,0.6724740441357113
1111,1111,0.6666110397329481,0.6732856623999626
1112,1112,0.6669873413607417,0.6742997994120512
1113,1113,0.6667150288392414,0.6744334081145656
1114,1114,0.6662101757947488,0.6732113733325039
1115,1115,0.6659060997123967,0.6734823326722497
1116,1116,0.6654841208870376,0.6733642481864124
1117,1117,0.6648229604955727,0.6734337919162523
1118,1118,0.663407150756516,0.6730179939287259
1119,1119,0.6630102940336604,0.6721238051218283
1120,1120,0.6628070548233349,0.6715497870431826
1121,1121,0.6629073194022701,0.6719271984930049
1122,1122,0.6624589096310215,0.6707074260006942
1123,1123,0.6627942635744583,0.6705962681141128
1124,1124,0.663001481400423,0.6710452559000877
1125,1125,0.6630631729454766,0.6720972032066843
1126,1126,0.6636822286508548,0.6715501045624379
1127,1127,0.6631163626875747,0.6717100563113871
1128,1128,0.6624429006230063,0.6712342349721366
1129,1129,0.6620788254351322,0.6711072096654205
1130,1130,0.6613698981960752,0.6705530867497519
1131,1131,0.6610834801035892,0.670443818582639
1132,1132,0.6610693531542837,0.6700604801621577
1133,1133,0.6599000148207952,0.6696113811449953
1134,1134,0.6599132751490859,0.6700651726339917
1135,1135,0.6597632666328707,0.6698826561714848
1136,1136,0.659649935173795,0.6701405462446277
1137,1137,0.6598423764660936,0.6707318810374976
1138,1138,0.6597173288996461,0.6708208486920233
1139,1139,0.6598616061994315,0.6706126317041848
1140,1140,0.6601049993218626,0.6705830420193519
1141,1141,0.6601523538417609,0.669347140664764
1142,1142,0.6602431943372354,0.6691314090473184
1143,1143,0.6602641582027181,0.669535255791465
1144,1144,0.6603526396061552,0.6694635004895422
1145,1145,0.6603530616094743,0.6695880138508421
1146,1146,0.6602696662013783,0.6695448765480145
1147,1147,0.6601660921043346,0.6697552560621469
1148,1148,0.6601906702856322,0.6696194572549037
1149,1149,0.6600326454177281,0.6700946297704105
1150,1150,0.6600272491188306,0.66959462209807
1151,1151,0.6600556886225469,0.6700429069105607
1152,1152,0.6600781540643144,0.6694000411762507
1153,1153,0.6604173216607518,0.6694627906140938
1154,1154,0.6603250184582496,0.6689736353104734
1155,1155,0.6603625131573427,0.6686742802789698
1156,1156,0.6604616729741778,0.6687491137203672
1157,1157,0.6600334514365094,0.6689763723678632
1158,1158,0.6600471114960055,0.6688907902446242
1159,1159,0.6595551477516689,0.6682544385469258
1160,1160,0.6597446008598817,0.6685914824148746
1161,1161,0.6600835872905874,0.669927426785647
1162,1162,0.6603516112915775,0.6691215483903822
1163,1163,0.6611455565297373,0.6700624003073543
1164,1164,0.6611759636089858,0.669411307937871
1165,1165,0.6610487484720077,0.6697047019309246
1166,1166,0.6614279933984855,0.6704979890761467
1167,1167,0.6615559130413878,0.6714622598606896
1168,1168,0.6614685855496258,0.6715912267899729
1169,1169,0.6614075729040282,0.671536640735845
1170,1170,0.6619361100917924,0.6722243524041007
1171,1171,0.6615172776766141,0.671872648737835
1172,1172,0.6615102798203787,0.6724016343186376
1173,1173,0.6613411710852451,0.6717558166912969
1174,1174,0.6611922544953777,0.6716755438354158
1175,1175,0.6615793102645764,0.6721240543258631
1176,1176,0.661891217696631,0.6729267821863525
1177,1177,0.6618451561141496,0.6721169867932753
1178,1178,0.6616132882268826,0.6722910237685799
1179,1179,0.6613978725112678,0.6719410867036704
1180,1180,0.6612928649917407,0.6716355972419499
1181,1181,0.6617643868287335,0.6728307444896555
1182,1182,0.6614579823297682,0.6720936901872006
1183,1183,0.6612634846297762,0.6713243494648424
1184,1184,0.6611556486677045,0.6712532445503536
1185,1185,0.6616934403066037,0.6714318870537341
1186,1186,0.6620024467451009,0.6718384026649756
1187,1187,0.662215365720578,0.6713050539666099
1188,1188,0.6620970414582863,0.6714856472155989
1189,1189,0.6625766454052553,0.671615918199413
1190,1190,0.6621830998442275,0.6713511945275848
1191,1191,0.6622218715156099,0.6704835003300509
1192,1192,0.6622574240149679,0.6716618388094429
1193,1193,0.6621539953837534,0.672547898233938
1194,1194,0.6618732236731047,0.67272606950461
1195,1195,0.6621391065766637,0.6733453595717918
1196,1196,0.6621198382886744,0.6738204697437296
1197,1197,0.6623810337796305,0.6735703329653555
1198,1198,0.662289686280517,0.6722203238280384
1199,1199,0.6624634820021218,0.6722647864360729
1200,1200,0.661850388575036,0.6711131575486218
1201,1201,0.6609021375400528,0.6708688717015536
1202,1202,0.6604191101658974,0.6685680835077373
1203,1203,0.6603962147029769,0.6661318902615853
1204,1204,0.6607748731593812,0.6670381626731208
1205,1205,0.661189626706395,0.6681172156254414
1206,1206,0.6609640878943528,0.6676006464267122
1207,1207,0.6618259669004154,0.6681086317634795
1208,1208,0.6612942448205954,0.6670200198636816
1209,1209,0.6606353235204847,0.6666310871970071
1210,1210,0.6607185762011825,0.6674253982451147
1211,1211,0.660057404449121,0.6660050919414287
1212,1212,0.6601067589506746,0.6663116634872965
1213,1213,0.6599737362710869,0.6663243662218841
1214,1214,0.6605846736132123,0.6675990291791462
1215,1215,0.6602853877047532,0.6672386951025979
1216,1216,0.660069948094884,0.6674087977905476
1217,1217,0.660543590258162,0.66766433702852
1218,1218,0.6605538432931923,0.6676108964730982
1219,1219,0.6606325803267978,0.6676789781063279
1220,1220,0.6602997402777422,0.667675807905399
1221,1221,0.6604338745710492,0.668615867856384
1222,1222,0.6602186156204193,0.6679114597862812
1223,1223,0.6597321307499953,0.6674724144090989
1224,1224,0.6590239624935013,0.6652381228858228
1225,1225,0.6591768302647235,0.6657844563479356
1226,1226,0.6593550736242111,0.6660650589938758
1227,1227,0.6590266288567879,0.6654312491891479
1228,1228,0.6590443054565214,0.665504190977454
1229,1229,0.6590111029042385,0.6658432657392003
1230,1230,0.659262314974128,0.6659797857199048
1231,1231,0.659306028898174,0.6653264015805938
1232,1232,0.659007660615256,0.6648893365118078
1233,1233,0.6586673106200984,0.6642817606202505
1234,1234,0.6586603250112046,0.6642216902007378
1235,1235,0.6586839846783231,0.6643449479503925
1236,1236,0.6590814953321862,0.6640722045091032
1237,1237,0.6597730978993995,0.6650867513773976
1238,1238,0.6602951811939416,0.666232909172735
1239,1239,0.6603480548195161,0.6660838549662222
1240,1240,0.6604407531882865,0.6668270237297567
1241,1241,0.6606721446281372,0.6674202086410936
1242,1242,0.6607530387919627,0.6679683560486781
1243,1243,0.6608627021013888,0.6680937499363766
1244,1244,0.6611505303809835,0.6684853946442808
1245,1245,0.661179009087072,0.6688972705030498
1246,1246,0.6610811989410876,0.6689440990381923
1247,1247,0.6610247300991152,0.6686133751340181
1248,1248,0.6607153321636803,0.6674741098922854
1249,1249,0.6611389069063325,0.6681068859362655
1250,1250,0.6605224962156757,0.6672986811516305
1251,1251,0.6602358688892043,0.6673717179151845
1252,1252,0.6605615252104011,0.6674441545867722
1253,1253,0.6603827075986762,0.6675328696974249
1254,1254,0.6603276667856586,0.667076908077373
1255,1255,0.6603437311136199,0.6671944326352495
1256,1256,0.6602694410233172,0.6670812614612277
1257,1257,0.6604091094195771,0.6672389907918714
1258,1258,0.6602936769714425,0.6671905608198805
1259,1259,0.6604176360416336,0.668087929646259
1260,1260,0.6606432604924629,0.668275693369462
1261,1261,0.6608274245235984,0.6682954890800357
1262,1262,0.6605586024067382,0.6677680778660724
1263,1263,0.6604902912682804,0.6675264543128716
1264,1264,0.6599758755633829,0.6678008973117182
1265,1265,0.6597651697433764,0.6672335611792345
1266,1266,0.6599117864242414,0.667167865664159
1267,1267,0.6592769904264413,0.6665721266846272
1268,1268,0.6593198227813881,0.6665687493721222
1269,1269,0.6592715820821949,0.6667432102685886
1270,1270,0.6593737110878273,0.6670788227730495
1271,1271,0.6595046482238561,0.6674350801726427
1272,1272,0.6594648426973135,0.6676005628049729
1273,1273,0.6594148337773326,0.667697234050004
1274,1274,0.6592902781617566,0.6680801152498121
1275,1275,0.6594904998777993,0.6680050633268998
1276,1276,0.6594274696455312,0.6673208567496842
1277,1277,0.6598691040655351,0.6680704807567077
1278,1278,0.6598423742590902,0.668161750324783
1279,1279,0.6597639711313132,0.668199195902606
1280,1280,0.6599213267413162,0.6688430219915373
1281,1281,0.6597682259508065,0.6686791695610819
1282,1282,0.6596451768362747,0.6686913470181755
1283,1283,0.6598342096105985,0.6685699899308872
1284,1284,0.6597094856861891,0.6684301180941383
1285,1285,0.6596489149180313,0.6680026404043191
1286,1286,0.6593497496091429,0.6677252738313144
1287,1287,0.6590804582864491,0.6675110829359655
1288,1288,0.659009262580325,0.667321480433849
1289,1289,0.6589656242231987,0.667470077411066
1290,1290,0.6586608044450488,0.6667124815796591
1291,1291,0.6586224323958394,0.6668102281699506
1292,1292,0.6581594970974705,0.666001443669657
1293,1293,0.6582015931499644,0.6656133696419784
1294,1294,0.6581577348306414,0.6654295559354374
1295,1295,0.6578717846738908,0.6649701211528456
1296,1296,0.657955314998441,0.6652275339854288
1297,1297,0.6578986115199534,0.6647694908664297
1298,1298,0.6581321523960677,0.6649080137730662
1299,1299,0.6581556610352779,0.6655018218347617
1300,1300,0.6581549062979959,0.6668015715667586
1301,1301,0.6583681731383276,0.6671010874299466
1302,1302,0.6584467202618893,0.667497282640062
1303,1303,0.6585536380098362,0.667306702507175
1304,1304,0.6592660921297375,0.6685490082985415
1305,1305,0.6592689768869139,0.6684205907781466
1306,1306,0.6593480636887159,0.6686316460804882
1307,1307,0.6593423213832816,0.6685456341070314
1308,1308,0.6590358877800437,0.6684207176245003
1309,1309,0.6592083482072821,0.6690040671039541
1310,1310,0.6588016602336109,0.6687409878045719
1311,1311,0.6589255192953194,0.6684364364912534
1312,1312,0.65875059658672,0.6677988760036494
1313,1313,0.6588779806143361,0.6677368473044147
1314,1314,0.6591051578966163,0.6682789875709818
1315,1315,0.6593988075553747,0.6686134268682238
1316,1316,0.6592128537916286,0.668662949781966
1317,1317,0.658853816779799,0.6679142542960523
1318,1318,0.6589276351946147,0.6677592761588913
1319,1319,0.6589380090372798,0.6677210353405247
1320,1320,0.6586203645339332,0.6662749894650656
1321,1321,0.6585690906478225,0.6671865298223552
1322,1322,0.65872965235299,0.6673665540082565
1323,1323,0.6585956282836427,0.6664479627766801
1324,1324,0.6586376957457053,0.6647162562849871
1325,1325,0.6581744701370529,0.6657965366781984
1326,1326,0.65839112544131,0.6659814301802235
1327,1327,0.6582402128256599,0.6659726364616192
1328,1328,0.6578717604359747,0.6657562776255161
1329,1329,0.6575739987111803,0.6650633527771224
1330,1330,0.6577831510873049,0.6660106761329279
1331,1331,0.6578769847912336,0.6659598541996266
1332,1332,0.6576672919546228,0.6655612536036274
1333,1333,0.6579601643378051,0.6658970771122925
1334,1334,0.6578231773430536,0.6659840713647367
1335,1335,0.6577112852921309,0.6661792212047899
1336,1336,0.6578257326497754,0.6656863710225789
1337,1337,0.6577471885065362,0.6658781751188784
1338,1338,0.6579804062620165,0.6661587702465286
1339,1339,0.6581155506328749,0.6665074795448734
1340,1340,0.658148035802316,0.6665695789741917
1341,1341,0.6581874202531852,0.6667950037003318
1342,1342,0.6580440703860241,0.6666793465522489
1343,1343,0.658194301378481,0.6668337999505816
1344,1344,0.6582845305327626,0.6666417767743698
1345,1345,0.6587425952833891,0.6667483091977044
1346,1346,0.6591269600400285,0.6665561742672879
1347,1347,0.6585848015337268,0.6663341924965708
1348,1348,0.6586926428257172,0.6663008131685315
1349,1349,0.6585120883144511,0.6659486861516378
1350,1350,0.6584037429941245,0.6654325505176124
1351,1351,0.6577771487939046,0.6636344767074878
1352,1352,0.6572985552777287,0.6629577319246491
1353,1353,0.6571956856498726,0.6634286651172461
1354,1354,0.657243647414669,0.6634455488374797
1355,1355,0.6569980267210189,0.6639335127533122
1356,1356,0.6571593490031304,0.6640625319358799
1357,1357,0.6572930080396052,0.6642962755934447
1358,1358,0.6573948484131598,0.6646721725190241
1359,1359,0.6578921182565496,0.6653889424889237
1360,1360,0.6580234960067533,0.6655737417852348
1361,1361,0.6581185469066109,0.6662001105647568
1362,1362,0.6582537630202914,0.666256872068635
1363,1363,0.6588454547353964,0.6675112308939792
1364,1364,0.6592155294173145,0.6679669537959727
1365,1365,0.6595601481175514,0.668637412187076
1366,1366,0.6595184975563724,0.6682522929264175
1367,1367,0.6598949780825389,0.6690685753081733
1368,1368,0.6601308978364858,0.6690171627774509
1369,1369,0.6597766758859152,0.6685944592449993
1370,1370,0.6601834211536097,0.669099583881149
1371,1371,0.6601258155208765,0.6690380773816124
1372,1372,0.6602571163694503,0.6697487340768697
1373,1373,0.6601692996109922,0.6698183880533634
1374,1374,0.6604292268810137,0.6694440410962561
1375,1375,0.6601896952217987,0.669944503949449
1376,1376,0.6599834799999923,0.6696152544047943
1377,1377,0.6598959545791353,0.6692436335381035
1378,1378,0.6597229027233367,0.6691771755822302
1379,1379,0.659536215586721,0.6689938451038187
1380,1380,0.6592479183477173,0.669056921832076
1381,1381,0.6591574497105381,0.668646533134621
1382,1382,0.6590741754902787,0.6682637185485063
1383,1383,0.6589335080000538,0.6681660162873457
1384,1384,0.658633260119162,0.667680634148043
1385,1385,0.6584241535648563,0.6673162907619032
1386,1386,0.6587221219069304,0.6677786214131805
1387,1387,0.6583678827254471,0.6676478157608965
1388,1388,0.657935114305356,0.667783410626434
1389,1389,0.6580170328228578,0.6684860927876374
1390,1390,0.657741529297202,0.6676085486545258
1391,1391,0.6578313086566436,0.6674112129891114
1392,1392,0.6576255584523512,0.6655701075776209
1393,1393,0.658114447668507,0.6661624717613199
1394,1394,0.6585393125680173,0.666626828635478
1395,1395,0.6585723230613272,0.6678585447768006
1396,1396,0.6585891387558582,0.6682631261946335
1397,1397,0.6583089392086475,0.6672576649823809
1398,1398,0.6581979183486575,0.6676007091683929
1399,1399,0.658347557745359,0.6677677624128682
1400,1400,0.6582957992082286,0.6678245761854278
1401,1401,0.6584035107253305,0.6676579377062155
1402,1402,0.6587113769872388,0.6682455743483786
1403,1403,0.6588983839201865,0.666742028772002
1404,1404,0.6586268008959894,0.6649808347305102
1405,1405,0.6587560646219998,0.6653694302850937
1406,1406,0.6585667131118005,0.6647533640262677
1407,1407,0.6583076224730302,0.6648999451181288
1408,1408,0.658340087040463,0.6635935639828192
1409,1409,0.6583681992613213,0.6625197207009506
1410,1410,0.6581904438873369,0.6628936492440218
1411,1411,0.6577986615322903,0.662983327716716
1412,1412,0.6577920539186313,0.6639104322889872
1413,1413,0.6575770201437439,0.6618180696704379
1414,1414,0.657683105923246,0.6649348928258387
1415,1415,0.6579846632989783,0.6656508876102329
1416,1416,0.6586308194467716,0.6675393574681397
1417,1417,0.6585353816986879,0.667262422721248
1418,1418,0.6589471098125297,0.6691224915794876
1419,1419,0.6589749088711524,0.6688396205669505
1420,1420,0.659002169319779,0.6690875990682504
1421,1421,0.6589076787636927,0.668505813262108
1422,1422,0.6589418822719062,0.668520710199451
1423,1423,0.6589663953952323,0.6682803710766865
1424,1424,0.658979937322103,0.6690608652121937
1425,1425,0.6588510609144816,0.6677085680476043
1426,1426,0.6586172181859545,0.6685516734232628
1427,1427,0.6587149252132252,0.6694864312363416
1428,1428,0.6587228594980363,0.6693625375662802
1429,1429,0.6585204049534172,0.6696465351232563
1430,1430,0.6582128352384159,0.6702563224849332
1431,1431,0.6584200711920203,0.6702986964673512
1432,1432,0.6581374687386121,0.6699466105115988
1433,1433,0.6582526435598199,0.669063526363693
1434,1434,0.6583031431335309,0.668508916794355
1435,1435,0.658407133573407,0.668389872913997
1436,1436,0.6578208263129295,0.6677554988097625
1437,1437,0.6579102883318384,0.6683472688515224
1438,1438,0.6582504796952786,0.6673082669545665
1439,1439,0.6584749298543517,0.6677804803421452
1440,1440,0.658198836713622,0.6665444167875292
1441,1441,0.6590028815894173,0.6672319916166368
1442,1442,0.6589459074801396,0.6676743378550001
1443,1443,0.6584731342850068,0.668582605613482
1444,1444,0.6578587749138901,0.6691633580230648
1445,1445,0.6576056963038859,0.6693359805023462
1446,1446,0.6577630209097722,0.6691757909810473
1447,1447,0.6574169387477803,0.6686330466870116
1448,1448,0.6577110160361825,0.6684762419401754
1449,1449,0.6587281707656085,0.6689821104764697
1450,1450,0.6586304403535107,0.6682756854540242
1451,1451,0.6589507944715249,0.6680672516179196
1452,1452,0.6589625195665023,0.6687331519709734
1453,1453,0.6589360792371985,0.6683795408853054
1454,1454,0.6587071977298318,0.6682694692811011
1455,1455,0.6584890378260554,0.6682474130047433
1456,1456,0.658519432866846,0.6680072968650903
1457,1457,0.6585345861260123,0.6679606073881177
1458,1458,0.6583275196960088,0.6678026732739271
1459,1459,0.6585000074235111,0.6681131279676553
1460,1460,0.6580172854150923,0.6690202398269085
1461,1461,0.6580372654282753,0.6694580519591755
1462,1462,0.6582276283897972,0.6693664482586601
1463,1463,0.6583941772455766,0.669299511393179
1464,1464,0.6584350757055222,0.6687169900947603
1465,1465,0.6577327481663332,0.6681077073425427
1466,1466,0.6577817330238007,0.6686435192482268
1467,1467,0.657901610998544,0.668349915041072
1468,1468,0.657568477922438,0.6677540318176974
1469,1469,0.6567782705316886,0.6674198406529375
1470,1470,0.6568103774569368,0.6671641463567469
1471,1471,0.6573623634879258,0.6687662205615967
1472,1472,0.6572974753312391,0.6694335564364906
1473,1473,0.6578136911750776,0.6694096860231981
1474,1474,0.6572736195971498,0.6686673516835069
1475,1475,0.6574903952940241,0.6688808150817219
1476,1476,0.6572695914450621,0.6690180988105967
1477,1477,0.657417342709093,0.6682765512170327
1478,1478,0.6574382638852491,0.6683284415490229
1479,1479,0.6583908221718824,0.6692111207398042
1480,1480,0.6584526055076648,0.6695611927011904
1481,1481,0.6596608420384803,0.6714314792761917
1482,1482,0.660268916104038,0.6721288791096502
1483,1483,0.6607658624571138,0.6717883563273281
1484,1484,0.6604250149185467,0.6710872664116971
1485,1485,0.6605490198858892,0.6718569239236151
1486,1486,0.660906857650063,0.6727472759733422
1487,1487,0.6607913494178435,0.6717790078433934
1488,1488,0.6610965102319382,0.6724001866221196
1489,1489,0.6610802263894906,0.6721645781425356
1490,1490,0.6599127626531225,0.6709751784166522
1491,1491,0.6596143328541042,0.6708114831485938
1492,1492,0.6584792513688007,0.668888806382901
1493,1493,0.6584139659830869,0.6689707482194618
1494,1494,0.6587920750126772,0.6693424264865546
1495,1495,0.6575017169439709,0.6661932691722481
1496,1496,0.6578166572601474,0.6677234188155298
1497,1497,0.6576729662911172,0.6663834726599147
1498,1498,0.6568287574336952,0.6635115574482665
1499,1499,0.6561346044238288,0.6623741762361985
1500,1500,0.6556996581726809,0.661824278147974
1501,1501,0.6555940135722554,0.6619591520274002
1502,1502,0.6567495159992345,0.6630246603311956
1503,1503,0.6566946318906677,0.6626639694801126
1504,1504,0.6565680426404625,0.6625255481683844
1505,1505,0.6568052089892861,0.6621705665043961
1506,1506,0.6568974322341989,0.6618942963160708
1507,1507,0.656826394729964,0.662418016608432
1508,1508,0.6567401429288358,0.6622310839127412
1509,1509,0.6568760420283039,0.662585844278507
1510,1510,0.6570984518437435,0.6627553480536377
1511,1511,0.6567650637152256,0.6625528611913574
1512,1512,0.6568266941905452,0.6617309339286882
1513,1513,0.6570457574610151,0.6628320374973113
1514,1514,0.6572934136366295,0.6625241100147621
1515,1515,0.6576290617400216,0.6635242826641112
1516,1516,0.6577782511582151,0.6625987614363507
1517,1517,0.6578931800808024,0.6628707406748462
1518,1518,0.6575600021932876,0.6631216770936462
1519,1519,0.6573844083527524,0.6636094562654287
1520,1520,0.6572508242738689,0.6649562360698305
1521,1521,0.657272611840578,0.6642748544066661
1522,1522,0.6568316460388264,0.6637946579173972
1523,1523,0.6568895672653038,0.6652623434301054
1524,1524,0.6568874504897813,0.6656247241387392
1525,1525,0.6574463442760128,0.6669249675113554
1526,1526,0.6573315201957597,0.6666703759989228
1527,1527,0.657684333462456,0.6670819443524855
1528,1528,0.6577685699085499,0.6675807273094672
1529,1529,0.6577422689124279,0.6672969810194119
1530,1530,0.6582614988581734,0.6675068620049707
1531,1531,0.6581805242214731,0.6674650688382746
1532,1532,0.6581114937274122,0.6668982868594049
1533,1533,0.658264329862446,0.6676524619078281
1534,1534,0.6587080886408792,0.6685480938302093
1535,1535,0.6582229658779024,0.6683618141760586
1536,1536,0.6586723416587628,0.6695431926755631
1537,1537,0.6583949848374939,0.6691533039780163
1538,1538,0.6586575107060006,0.6687303385317296
1539,1539,0.658595217054439,0.6684145630488108
1540,1540,0.658549504408297,0.6666251409630937
1541,1541,0.6586580215250026,0.6667179072851859
1542,1542,0.6581390785160878,0.6652739689254521
1543,1543,0.6585424966882536,0.6668151258611101
1544,1544,0.6583485442088335,0.6660122173144619
1545,1545,0.6586869319096436,0.6655064999026571
1546,1546,0.6589123041065739,0.6664288006900612
1547,1547,0.6593973232821487,0.666450115849526
1548,1548,0.659741671737936,0.6685418985384173
1549,1549,0.6597238154193903,0.668099849102926
1550,1550,0.6600503846467847,0.6700166921007211
1551,1551,0.6599976517113351,0.6703738618461993
1552,1552,0.6605224472848191,0.6711061716287705
1553,1553,0.660781271673033,0.6716233110391288
1554,1554,0.6607184230622939,0.6714748889369928
1555,1555,0.6604558928493833,0.6710307841366605
1556,1556,0.6605486337805728,0.6712150044738869
1557,1557,0.6602006664501044,0.6712292599058867
1558,1558,0.6599217585352599,0.6707279500463084
1559,1559,0.6601345757264762,0.6712756038838319
1560,1560,0.6600786234109988,0.6711592597371322
1561,1561,0.6597606118951012,0.670781558326949
1562,1562,0.6597360970797552,0.6702788202977534
1563,1563,0.6598309250727346,0.669496162167325
1564,1564,0.6594184220879634,0.6688588106913596
1565,1565,0.6593913979384101,0.6691310783374268
1566,1566,0.6597889443634638,0.6699205764097927
1567,1567,0.6600490317991516,0.67068464039863
1568,1568,0.6598360177121907,0.6708813774955121
1569,1569,0.6601684787482983,0.6715423112253831
1570,1570,0.660518595717554,0.6725715388796855
1571,1571,0.6609186578173187,0.6727505867629123
1572,1572,0.6608023094090754,0.6728517008931874
1573,1573,0.6607786566551643,0.6726074726591379
1574,1574,0.6604528524148618,0.6721528451300198
1575,1575,0.6602958433881265,0.6723063461213519
1576,1576,0.659902106769941,0.6715295017005899
1577,1577,0.6594090061953707,0.6704470363374919
1578,1578,0.6596977433318163,0.6707022995383314
1579,1579,0.6600041388772269,0.6698993525096424
1580,1580,0.6601131687401933,0.669991128724226
1581,1581,0.6600992449284141,0.6698202510663287
1582,1582,0.6598390270709116,0.6694348552896425
1583,1583,0.6592712925082513,0.669115698057948
1584,1584,0.6592410192672269,0.6689582737232838
1585,1585,0.6592345220402378,0.6688018275344395
1586,1586,0.6590621590685697,0.6696355352749483
1587,1587,0.659433824017958,0.6703393123538761
1588,1588,0.6591293163155845,0.6705430899603587
1589,1589,0.6589974055427357,0.6700955821870762
1590,1590,0.658412316391761,0.6694474290868018
1591,1591,0.6583611898347002,0.6691028595928199
1592,1592,0.6582249488176166,0.6683397834778525
1593,1593,0.6583402088791137,0.6682553529392247
1594,1594,0.6587392624282755,0.6689986259137493
1595,1595,0.658710786583523,0.6691189466732392
1596,1596,0.6586042186408133,0.6692126688390666
1597,1597,0.6585025426077021,0.6687648840617166
1598,1598,0.6583150812099499,0.6690402347373292
1599,1599,0.6582811872110914,0.6688440088416756
1600,1600,0.658056667061915,0.6686508651985608
1601,1601,0.6581255327011135,0.669057651895188
1602,1602,0.6582823232311332,0.6692112496771547
1603,1603,0.6588255640371032,0.6696339671088036
1604,1604,0.6588427133129692,0.6695694587140981
1605,1605,0.6594417255307281,0.6703818207349677
1606,1606,0.6596070311546418,0.6700003935437413
1607,1607,0.6598826440657897,0.6705612913298831
1608,1608,0.6597785950989851,0.6707459983605395
1609,1609,0.6595943918880914,0.6704245279927372
1610,1610,0.6598078730507806,0.6708262567295815
1611,1611,0.6591971909190938,0.6698916703010802
1612,1612,0.6590698394917089,0.6693666467843851
1613,1613,0.659145736620457,0.6694231831657766
1614,1614,0.6592920501673374,0.6695731941708385
1615,1615,0.6592124422505481,0.6692757860209783
1616,1616,0.6591435157004986,0.668998906922325
1617,1617,0.6592723617786438,0.6685916007420812
1618,1618,0.6590603376214852,0.6680712006686484
1619,1619,0.6587964288603947,0.6679900836274251
1620,1620,0.658943031256549,0.6676581172986793
1621,1621,0.6589809780789448,0.6681252797255071
1622,1622,0.6590066098167549,0.6691726889536382
1623,1623,0.6592919277258003,0.6698239557154362
1624,1624,0.6593102393189769,0.6702742757872547
1625,1625,0.6594343620564078,0.6703088246286663
1626,1626,0.659568574000843,0.6706055002076206
1627,1627,0.6595910711541964,0.6710050071863737
1628,1628,0.659333022983203,0.6706048863597984
1629,1629,0.6592669138711882,0.6702788467168463
1630,1630,0.6595407295683946,0.6700888389614383
1631,1631,0.6590525132130429,0.6694677423362612
1632,1632,0.6591272593249375,0.6698265539456986
1633,1633,0.6591108627852129,0.6697385807181373
1634,1634,0.6590147406382952,0.6698296957845178
1635,1635,0.6586696026980592,0.6699334734034528
1636,1636,0.6586127216234507,0.6698130951540257
1637,1637,0.6586652696273538,0.6699676967960152
1638,1638,0.658482306402684,0.6695683631590688
1639,1639,0.6584414098017444,0.6692123016826629
1640,1640,0.6581706406619672,0.669292739529662
1641,1641,0.6579153614377893,0.6697636610321898
1642,1642,0.6578802994783033,0.6692987516819746
1643,1643,0.6579082871510917,0.6698522869290322
1644,1644,0.6578998849683748,0.6701386975745427
1645,1645,0.6582704015803924,0.6703539685062383
1646,1646,0.6580785879895459,0.6705724630960342
1647,1647,0.6581188890686677,0.6704482404714069
1648,1648,0.6580158172271535,0.6704190775332279
1649,1649,0.6579394254019083,0.6698809543090657
1650,1650,0.6579265633724296,0.6702762266624742
1651,1651,0.6576344376520284,0.6698092824310348
1652,1652,0.657519583604653,0.6695877059753671
1653,1653,0.6574924761649777,0.6695211750909924
1654,1654,0.657326649362411,0.6691474237178139
1655,1655,0.657524744499371,0.6692639828900115
1656,1656,0.6574380993685145,0.669336641605488
1657,1657,0.6575336805135167,0.6693437087611463
1658,1658,0.6574472273265541,0.6693692688358892
1659,1659,0.6575543955186347,0.6692491166567203
1660,1660,0.6575938242508883,0.6692746736047328
1661,1661,0.6578015132066826,0.6694609447086735
1662,1662,0.6577188566834078,0.669343348807619
1663,1663,0.6575882131805453,0.6691752211749289
1664,1664,0.6575409569093522,0.6690567870153471
1665,1665,0.6575346287055397,0.6690026340376762
1666,1666,0.6576581189781943,0.6691733469005535
1667,1667,0.656956054984781,0.6688149843004404
1668,1668,0.657273725325197,0.669327584357539
1669,1669,0.6571099890448296,0.6691399315031648
1670,1670,0.6570317795809294,0.6692244954208556
1671,1671,0.6571943253447505,0.6696513651776155
1672,1672,0.6570057156981446,0.6697297120404624
1673,1673,0.656974739116408,0.6695974916750917
1674,1674,0.656962149825637,0.6694909010756922
1675,1675,0.6568219863374418,0.6690932782266252
1676,1676,0.6569771592898652,0.668639790076921
1677,1677,0.6568981482812859,0.6682036764698853
1678,1678,0.65728131360083,0.6678570769414018
1679,1679,0.6571159521834029,0.6680982325906588
1680,1680,0.6575165878929932,0.6679699964638246
1681,1681,0.6575793382219204,0.6679378912352587
1682,1682,0.65763191852162,0.6681866436023451
1683,1683,0.6576100064728327,0.6681007609096588
1684,1684,0.6577100731416385,0.6679866190594589
1685,1685,0.6579160595042846,0.668008348124218
1686,1686,0.657672695917582,0.667679017758936
1687,1687,0.6575760635715826,0.6675183334479755
1688,1688,0.6577045302368318,0.6675358023577043
1689,1689,0.6579542342407374,0.6672163746743154
1690,1690,0.657618523997975,0.6674467897463344
1691,1691,0.6577904479844923,0.6676927472000876
1692,1692,0.6580747758969308,0.6683659212881167
1693,1693,0.6584313331292257,0.6685039118359919
1694,1694,0.6585742694545276,0.6688146053239707
1695,1695,0.6587326723851108,0.6691725995907691
1696,1696,0.6588390696514805,0.6696340122951072
1697,1697,0.6587279144114129,0.6695127279253323
1698,1698,0.658710333384658,0.6695925552114596
1699,1699,0.6586056000428254,0.6693017247328541
1700,1700,0.6582130831810566,0.6684294092139755
1701,1701,0.6582059774395739,0.6686313535447626
1702,1702,0.6582473717078556,0.6682648009624028
1703,1703,0.6580669862852293,0.6678215379941012
1704,1704,0.657653135061276,0.6668837576600455
1705,1705,0.657439890224015,0.6667050476100659
1706,1706,0.6572641314433558,0.6664022812145047
1707,1707,0.6570140455459701,0.6663890450346595
1708,1708,0.6566209557165356,0.6661333756131129
1709,1709,0.6565048569569512,0.6662984752605106
1710,1710,0.6561569484109224,0.6659428416275879
1711,1711,0.655911233387117,0.6647177204124433
1712,1712,0.6557489724699316,0.6637854723074074
1713,1713,0.655640711240372,0.6635669624787603
1714,1714,0.6552593216383487,0.6626521278273678
1715,1715,0.6551543095520198,0.662091123020427
1716,1716,0.6553482229651496,0.662545369659739
1717,1717,0.6554478742768195,0.6628801653629004
1718,1718,0.655472710587007,0.6627640262447636
1719,1719,0.6555747666940932,0.663332334599166
1720,1720,0.6556220274338302,0.6641105408013767
1721,1721,0.6557697170930974,0.6644843026257032
1722,1722,0.6557731022639254,0.6650372495996488
1723,1723,0.6559722252649439,0.6655524346427258
1724,1724,0.6557369481287076,0.6652186947614934
1725,1725,0.6555718561288,0.6647173466326576
1726,1726,0.6555819524174493,0.6645188851882634
1727,1727,0.6554376406695683,0.6638534027682546
1728,1728,0.6553892238545774,0.6638084467792562
1729,1729,0.6553196967093782,0.6637168832620637
1730,1730,0.6552717187357022,0.664469845892772
1731,1731,0.6557301039953867,0.6651901470319541
1732,1732,0.6557086158107277,0.6653061972448344
1733,1733,0.6556467123052202,0.6652918018796746
1734,1734,0.6556220212800961,0.6652616913012531
1735,1735,0.6555975501920934,0.6654613212911982
1736,1736,0.6559646497058982,0.6655223754525843
1737,1737,0.6560721177355233,0.6655229095987656
1738,1738,0.6559978661185708,0.6652403100842319
1739,1739,0.6559135163229445,0.6649747587244883
1740,1740,0.6558723023842425,0.6648788409310421
1741,1741,0.6556658258864485,0.6647344023989594
1742,1742,0.6554784883399966,0.6644261042882964
1743,1743,0.6554299905126242,0.6644500112656975
1744,1744,0.6555999780090216,0.6646806405783966
1745,1745,0.6558757902582142,0.6655614190696664
1746,1746,0.6564236386906759,0.6665365049784218
1747,1747,0.6565833834848567,0.666873812169764
1748,1748,0.6568399997790635,0.6675018450028818
1749,1749,0.6567511503895493,0.6674300098299322
1750,1750,0.6567752870493752,0.6672486340811135
1751,1751,0.656720087395182,0.6669019946794406
1752,1752,0.6570701896060183,0.6673845002355214
1753,1753,0.6570461250014361,0.6676082970117846
1754,1754,0.6569230430818672,0.6672239579098593
1755,1755,0.6571860556237838,0.6675390350906116
1756,1756,0.6569968277781411,0.6671189048892489
1757,1757,0.6570735161821933,0.6674622966629182
1758,1758,0.656779224967803,0.666787933176434
1759,1759,0.6567680958164573,0.6664677297036963
1760,1760,0.6565378228905683,0.6652797365669852
1761,1761,0.6562817170131079,0.6654357570534171
1762,1762,0.6562065398242602,0.6649909270205662
1763,1763,0.6562913322748323,0.665037520008829
1764,1764,0.656241144568317,0.6652519945062142
1765,1765,0.6563771460600021,0.6657950630963798
1766,1766,0.6565145674373893,0.6659673184063779
1767,1767,0.6563792654313425,0.6662596415167337
1768,1768,0.6566588460596803,0.6653350432019483
1769,1769,0.6568725069901771,0.6654879840332434
1770,1770,0.6570663684500839,0.6653331058855285
1771,1771,0.6567619920553629,0.6650318519209777
1772,1772,0.6570422591469447,0.6654156658904242
1773,1773,0.6568628271364666,0.6651246037025957
1774,1774,0.6567517415939297,0.6656272632301601
1775,1775,0.6569590361437516,0.6657037417759148
1776,1776,0.6567390009191141,0.664704406541853
1777,1777,0.6566066669382358,0.6653574849223307
1778,1778,0.6563519960358091,0.6659502706338587
1779,1779,0.6562386672528187,0.6655990784587438
1780,1780,0.656233401924361,0.6659874451265339
1781,1781,0.6569016150075324,0.667175573817438
1782,1782,0.657299124656207,0.668752254397649
1783,1783,0.6572376928509485,0.6691616413053709
1784,1784,0.6571865035456155,0.669134719526824
1785,1785,0.6572113389909917,0.6692656058772772
1786,1786,0.6571641994109482,0.66910173682731
1787,1787,0.6571239186677982,0.6690075080698674
1788,1788,0.6569237318077501,0.6685631792247557
1789,1789,0.6566977982212209,0.6691534577360353
1790,1790,0.6565418355558467,0.6686909286112952
1791,1791,0.6567957228631895,0.6688898282692045
1792,1792,0.6567472092958546,0.6690620745270819
1793,1793,0.6568261507774324,0.6689185984896757
1794,1794,0.6566274541514274,0.6689408254527006
1795,1795,0.6565658408865189,0.66820746637127
1796,1796,0.6565393050786128,0.6690228488032133
1797,1797,0.6563771226295867,0.6681144559665418
1798,1798,0.6563113338328073,0.6679615614737469
1799,1799,0.6564989109707136,0.6682331463529463
1800,1800,0.6563310669370638,0.6684522996297328
1801,1801,0.6563689578247998,0.6684515459120144
1802,1802,0.6562692072568844,0.6678703487576219
1803,1803,0.6562082183682845,0.6674030201800014
1804,1804,0.6565225862520896,0.6677650689426757
1805,1805,0.6564622058226324,0.6675373225557776
1806,1806,0.6564694470960732,0.6675348167776882
1807,1807,0.6567289367469218,0.6674966750291146
1808,1808,0.6564409609283659,0.6625019681881319
1809,1809,0.6568786560680624,0.666517307482253
1810,1810,0.6570798878494012,0.6675445967449343
1811,1811,0.6567756986067319,0.6682327565311005
1812,1812,0.6568342170210921,0.6682167102379084
1813,1813,0.6584216610365308,0.6705301733997331
1814,1814,0.6584388377799317,0.6709563763896695
1815,1815,0.6570848214611392,0.6694483799967403
1816,1816,0.6569664485165545,0.6689329507761084
1817,1817,0.6565078482896056,0.6670666452848586
1818,1818,0.6565625765086409,0.6676377563828697
1819,1819,0.6567623583252387,0.6676040157117104
1820,1820,0.6566686094216341,0.6670597378098311
1821,1821,0.6562533763885533,0.6675013204905913
1822,1822,0.6562824331885699,0.6665705036528596
1823,1823,0.6563610877382369,0.667776135514491
1824,1824,0.6560294594646301,0.6667878806271041
